((("load" .
   [1 0 0 0])
  ("condición" .
   [1 0 0 0 0 0 0 0 0])
  ("entre" .
   [1 0 0 0 0])
  ("dividiendo" .
   [1 0 0 0 0 0 0 0 0 0])
  ("itemize" .
   [1 0 0 0 0 0 0])
  ("end" .
   [1 0 0])
  ("que" .
   [1 0 0])
  ("geq" .
   [1 0 0])
  ("el" .
   [1 0])
  ("para" .
   [1 0 0 0])
  ("Pero" .
   [1 0 0 0])
  ("i=1" .
   [1 0 0])
  ("hat" .
   [6 0 0])
  ("obtenemos" .
   [1 0 0 0 0 0 0 0 0])
  ("variable" .
   [1 0 0 0 0 0 0 0])
  ("la" .
   [1 0])
  ("frac" .
   [7 0 0 0])
  ("lados" .
   [2 0 0 0 0])
  ("ambos" .
   [2 0 0 0 0])
  ("multiplicando" .
   [1 0 0 0 0 0 0 0 0 0 0 0 0])
  ("ver" .
   [2 0 0])
  ("basta" .
   [1 0 0 0 0])
  ("restricción" .
   [1 0 0 0 0 0 0 0 0 0 0])
  ("Vec" .
   [1 0 0])
  ("item" .
   [1 0 0 0])
  ("sum" .
   [17 0 0])
  ("leq" .
   [6 0 0])
  ("Por" .
   [1 0 0])
  ("otro" .
   [1 0 0 0])
  ("lado" .
   [1 0 0 0])
  ("log" .
   [1 0 3])
  ("Shannon" .
   [7 0 0 0 1 0 0])
  ("text" .
   [1 0 0 0])
  ("Prelude" .
   [0 0 0 0 1 0 0])))
